function masks = get_masks()
masks{1} = [0 1 0; 0 -1 0; 0 0 0];
masks{2} = [0 0 0; 0 -1 0; 0 1 0];
masks{3} = [0 0 0; 0 -1 1; 0 0 0];
masks{4} = [0 0 0; 1 -1 0; 0 0 0];
masks{5} = [0 0 1; 0 -1 0; 0 0 0];
masks{6} = [0 0 0; 0 -1 0; 0 0 1];
masks{7} = [1 0 0; 0 -1 0; 0 0 0];
masks{8} = [0 0 0; 0 -1 0; 1 0 0];





end